%YAML:1.0
---
R: !!opencv-matrix
   rows: 3
   cols: 3
   dt: d
   data: [ 9.9979941125248917e-01, -1.9103326298021535e-02,
       -6.0166588342062868e-03, 1.9109976625894934e-02,
       9.9981683661311149e-01, 1.0497705980471814e-03,
       5.9955026923238942e-03, -1.1645382355654197e-03,
       9.9998134872514710e-01 ]
T: !!opencv-matrix
   rows: 3
   cols: 1
   dt: d
   data: [ 1.9808646300172308e+02, 4.7454830079798267e+00,
       -2.8080162851142734e+00 ]
R1: !!opencv-matrix
   rows: 3
   cols: 3
   dt: d
   data: [ 9.9978495429468062e-01, 4.8635344182757171e-03,
       -2.0159146781191475e-02, -4.8502841376263390e-03,
       9.9998798799296151e-01, 7.0612574865381564e-04,
       2.0162338896260654e-02, -6.0819630948328012e-04,
       9.9979653439461447e-01 ]
R2: !!opencv-matrix
   rows: 3
   cols: 3
   dt: d
   data: [ 9.9961278970653566e-01, 2.3947348224754961e-02,
       -1.4170221173976899e-02, -2.3956656571656753e-02,
       9.9971287925978347e-01, -4.8749156022090802e-04,
       1.4154478479435151e-02, 8.2677392068017494e-04,
       9.9989947853964767e-01 ]
P1: !!opencv-matrix
   rows: 3
   cols: 4
   dt: d
   data: [ 5.5288026030565538e+02, 0., 3.3379560470581055e+02, 0., 0.,
       5.5288026030565538e+02, 2.4720395469665527e+02, 0., 0., 0., 1.,
       0. ]
P2: !!opencv-matrix
   rows: 3
   cols: 4
   dt: d
   data: [ 5.5288026030565538e+02, 0., 3.3379560470581055e+02,
       1.0956051818781879e+05, 0., 5.5288026030565538e+02,
       2.4720395469665527e+02, 0., 0., 0., 1., 0. ]
Q: !!opencv-matrix
   rows: 4
   cols: 4
   dt: d
   data: [ 1., 0., 0., -3.3379560470581055e+02, 0., 1., 0.,
       -2.4720395469665527e+02, 0., 0., 0., 5.5288026030565538e+02, 0.,
       0., -5.0463457954612522e-03, 0. ]
