%YAML:1.0
---
M1: !!opencv-matrix
   rows: 3
   cols: 3
   dt: d
   data: [ 5.6343908896335131e+02, 0., 3.2138578734728020e+02, 0.,
       5.6565934471983451e+02, 2.4677276428071897e+02, 0., 0., 1. ]
D1: !!opencv-matrix
   rows: 1
   cols: 14
   dt: d
   data: [ 3.2849311246184797e+01, 9.8166195511853886e+01, 0., 0.,
       -8.2794513538301123e+02, 3.2903248660079775e+01,
       9.3499030780972106e+01, -8.1170866595451298e+02, 0., 0., 0., 0.,
       0., 0. ]
M2: !!opencv-matrix
   rows: 3
   cols: 3
   dt: d
   data: [ 5.6343908896335131e+02, 0., 3.2048953569006903e+02, 0.,
       5.6565934471983451e+02, 2.4805962288640416e+02, 0., 0., 1. ]
D2: !!opencv-matrix
   rows: 1
   cols: 14
   dt: d
   data: [ 1.5398341586121415e+01, 7.7343782636235630e+01, 0., 0.,
       -6.1155529075565300e+02, 1.5305440314108917e+01,
       7.5438613064266150e+01, -6.0254325890730718e+02, 0., 0., 0., 0.,
       0., 0. ]
